- 0   1   2   4   8   16  32	64
100	8335214	12475145	10526738	11258206	11504263	10642378	10175164	10137784
200	17829052	18261074	15656577	14055214	12525093	11711149	11470119	10004655
300	23282327	21862790	17756661	16344793	14692132	13610067	12861385	11250267
400	38251612	31232362	24482024	19603924	17992443	16693850	15760292	15055451
500	47950660	37931213	29477301	22939951	20947043	19953879	18916777	17534695

100	8362786	
200	9245530	
300	10324191	
400	12246424	
500	15452823
	
100	
100	10137784	
200	10004655	
300	11250267	
400	15055451	
500	17534695

