CountAllFaces = 100
threads = 0:
8934640
8585443
8422575
8383939
8251288
8212254
8152970
8157377
8131681
8119982

threads = 1:
11662127
12321471
12356794
12594606
12562268
12685566
12602493
12626586
12636519
12703023

threads = 2:
10443547
10554967
10525743
10529257
10482131
10556956
10515153
10531665
10549044
10578918

threads = 4:
11309995
11230045
11183574
11189340
11316929
11254903
11225733
11263244
11290218
11318088

threads = 8:
10843944
10875536
10764901
11122396
12986243
12011373
11595420
11660706
11558795
11623323

threads = 16:
11298123
10650324
10459041
10452708
10411508
10420515
10445914
10510371
10809667
10965613

threads = 32:
10166132
10164204
10122307
10125335
10178129
10192758
10100591
10178242
10162770
10361175

CountAllFaces = 200
threads = 0:
19434797
18207548
17897682
17711584
17519204
17267275
17267959
17231233
18481967
17271280

threads = 1:
17231541
17870962
18116122
18340377
18327838
18457633
18256115
19096854
18446867
18466433

threads = 2:
14379388
14700576
14797064
16147533
15971840
15902150
16185662
16162506
16279936
16039116

threads = 4:
13601626
14053085
14435030
14758371
14942593
14765944
13550691
13511420
13463577
13469806

threads = 8:
12807197
12757622
12716093
12471066
12507295
12451542
12395204
12339057
12404241
12401620

threads = 16:
11768409
11646841
11596486
11640604
11706081
11807707
11748685
11708352
11747018
11741308

threads = 32:
11542267
11513772
11414423
11483726
11563632
11545017
11544200
11354176
11363195
11376782

CountAllFaces = 300
threads = 0:
29523504
27539849
27301272
27070542
26675962
26513592
26262517
26329146
26327161
26343586

threads = 1:
37103576
37971154
38881798
38849616
38987708
38973088
39132304
39020270
39262384
38995794

threads = 2:
28070785
27993700
28065940
28034221
28151655
28046191
28107736
28050383
28046012
28092709

threads = 4:
19940031
16082322
15870149
15996979
16001224
16040206
15866506
15918423
16127978
16102731

threads = 8:
14584486
14628134
14680185
14752727
14616244
14736855
14834790
14708625
14620344
14709245

threads = 16:
13424712
13549920
13386352
13447650
13429434
13464341
13636324
13484759
13471779
13691905

threads = 32:
12739492
12751748
12752215
14117261
12819324
12914401
12853127
12971635
12913124
13007427

CountAllFaces = 400
threads = 0:
41450273
38724230
38017974
37641046
37774700
37750003
37901093
37769390
37729653
37757764

threads = 1:
29867258
30600305
30939050
31357129
31490495
31425624
31616448
31530067
31800909
31696335

threads = 2:
24227804
24429722
24541109
24522885
24533759
24760798
24430715
24412948
24393857
24566649

threads = 4:
19142486
19455603
19679251
19592974
19643253
19619655
19589618
19778126
19656273
19882003

threads = 8:
18156202
18217254
18175849
18200478
17803536
17859919
17990217
17903088
17866154
17751733

threads = 16:
16634852
16583138
16604724
16925424
16739993
16672811
16690611
16643153
16665758
16778039

threads = 32:
16477331
15370283
15795171
15585654
15767342
15656875
15656329
15637084
15895400
15761452

CountAllFaces = 500
threads = 0:
54081881
51235718
49819591
49835402
50049026
49895801
49827878
49475135
49155364
49726894

threads = 1:
37024460
37760280
38362183
39158649
41119784
40948541
39567048
39606194
39522670
39273141

threads = 2:
29641441
30013129
30113240
30083748
30239624
30195280
30156114
30267205
30299261
30365308

threads = 4:
22984613
23218636
23331824
23394584
23481506
23481030
23466897
23491675
23514810
23466292

threads = 8:
20054420
20200822
20145229
20082511
20181688
20258797
20321215
20220508
20161397
20193902

threads = 16:
21494539
21497946
21749370
21708813
21248685
21119235
21306674
21093780
21363255
21217970

threads = 32:
19196449
19391821
19453983
19338852
19521138
19367928
19891165
19550380
19610854
19373028

plus
CountAllFaces = 300
threads = 0:
23780172
23407357
23150020
23047474
23026615

threads = 1:
21082350
21770250
22031788
22264204
22165362

threads = 2:
17011256
17312705
17333965
17314563
19810816

threads = 4:
16773276
16327448
16399104
16048329
16175811

threads = 8:
14713447
14884271
14649331
14632043
14581569

threads = 16:
13643354
13605897
13580475
13576340
13644273

threads = 32:
12842489
12835069
12943859
12853890
12831620

CountAllFaces = 500
threads = 0:
50697436
47984955
46903946
46960116
47206849

threads = 1:
36876796
37547851
38118421
38506888
38606112

threads = 2:
29110547
29568126
29581952
29575411
29550469

threads = 4:
22645376
22930964
23045205
22978061
23100153

threads = 8:
19875758
20047043
19989748
19814929
19723600

threads = 16:
19789437
19932279
19988367
19946039
20113276

threads = 32:
19135265
19028434
18916029
18743946
18760215

